2 2 2 2 -14 -14 -14 2 2 2 2 2 2 2 2 2 2 2 2 2 2 2 2 2 2 2 2
2 5 5 0 0 0 0 0 0 0 5 5 5 5 5 0 0 0 0 0 5 5 5 5 5 5 2
2 5 5 0 0 0 0 0 0 5 5 5 5 5 0 0 0 0 0 0 0 5 5 5 5 5 2
2 5 5 0 0 0 0 0 0 5 5 3 3 3 3 0 0 5 0 3 3 3 3 0 5 5 2
2 5 0 0 0 0 0 0 0 5 5 3 3 3 3 0 5 5 0 3 3 3 3 0 0 5 2
2 0 0 0 0 0 0 0 0 0 5 3 3 3 3 0 5 5 0 3 3 3 3 0 0 0 2
2 0 0 0 0 0 0 0 0 0 0 3 3 3 3 5 5 0 0 3 3 3 3 0 0 5 2
2 0 0 0 0 0 0 0 0 0 0 0 0 0 0 0 0 0 0 0 0 0 0 0 5 5 2
5 0 0 0 0 3 0 0 0 0 0 0 0 0 0 0 0 0 0 0 0 0 0 5 5 5 2
5 0 0 0 3 3 3 0 0 0 0 0 0 0 0 0 0 0 0 6 0 0 0 0 5 5 2
5 0 0 0 0 3 0 0 0 0 0 0 0 0 0 0 0 0 0 0 0 0 0 0 5 5 2
2 0 0 0 0 0 0 0 0 0 0 0 0 0 0 0 0 0 0 0 0 0 0 0 5 0 2
2 0 0 0 0 0 0 0 0 0 0 3 3 3 3 0 5 5 0 3 3 3 3 0 0 0 2
2 0 0 0 0 0 0 0 0 0 0 3 3 3 3 0 5 5 0 3 3 3 3 0 0 0 2
2 0 0 0 0 0 0 0 0 0 5 3 3 3 3 5 5 5 5 3 3 3 3 0 0 0 2
2 0 0 0 0 0 0 0 0 5 5 3 3 3 3 5 5 5 5 3 3 3 3 0 0 0 2
2 0 0 0 0 0 0 0 5 5 5 5 0 0 0 0 5 5 5 0 0 0 0 0 0 0 2
2 2 2 2 -12 -12 -12 2 2 2 2 2 2 2 2 2 2 2 2 2 2 2 2 2 2 2 2