2   2   2   2   2   2   2   2   2   2   2 0 -15 -15 -15 0   2   2   2   2   2   2   2   2   2   2   2
2   -5   -5   -5   -5  -5  -5   0   6   0   0   0   0   0   0   0   0   0   0   0   6   0   0  -7  -7  -7   2
2   -5   -5  -5  -5  -5   0   0   0   0   0   0   0   0   0   0   0   0   0   0   0   0   0   0  -7  -7   2
2   0   0   0   0   0   0   0   0   0   0   0   0   0   0   0   0   0   0   0   0   0   0   0  -7  -7   2
2   2   2   2   2   2   0   0   0   0   0   0   0   0   0   0   0   0   0   0   0   0   0   0  -7  -7   2
2   0   0   0   0   2   0  -7   0   0   0   0   0   0   0   0   0  -6   2   2   2   2   0  -7  -7   0   2
2   0   0   0   0   2   0  -7   6   0   0   0   0   0  -6  -6  -6  -6   2   0   0   2  -7  -7   0   0   2
2   0   0   0   0   2  -7  -7   2  -7   0   0  -6  -6  -6  -6  -6   0   2   0   0   2   0   0   0   6   2
2   2   2   2   2   2  -7  -7   2  -7  -6  -6  -6  -6   0   0   0   0   2   0   0   2   0   0   0   0   2
2   0   0  -7  -7  -7  -7   0   2  -7  -6  -6   0   0   0   0   0   6   2   0   0   2   0   0   0   0   2
2   0  -7  -7  -7  -7   0   0   2   0   0  -6  -6  -6   0   0   0   0   2   0   0   2   0   0  -7  -7   2
2  -7  -7   0   0   0   0   6   2   0   0   0   0  -6  -6   0   0   0   2   2   2   2  -7  -7  -7  -7   2
2  -7  -7   2   2   2   2   2   2   2   2   2   2   2  -6  -6   0   0   0   0   6   0  -7  -7   0   0   2
2  -7   0   2   5   5   0   0   0  -5  -5  -5   0   0  -6  -6  -6   0   0   0   0  -7  -7   0   0   0   2
2   6   0   2   5   5   0   0  -5  -5  -5   0   0   0  -6  -6  -6  -6  -6   0   0   0   0   0   5   5   2
2   5   0   2   5   0   0   0  -5  -5   0   0   0   0   0  -6  -6  -6  -6  -6   0   0   0   5   5   5   2
2   5   5   2   0   0   0  -5  -5  -5   6   0   0   0   0  -6  -6  -6  -6  -6  -6   0   5   5   5   5   2
2   2   2   2 -13 -13 -13   2   2   2   2   2   2   2   2   2   2   2   2   2   2   2   2   2   2   2   2