2 2 2 2 2 2 2 2 2 2 2 2 2 2 2 2 2 2 2 2 2 2 2 2 2 2 2
2 5 5 5 5 5 5 5 -9 -9 -9 -9 -9 0 0 0 0 0 -10 -10 -10 -10 -10 -10 -10 -10 2
2 5 5 5 5 -9 -9 -9 -9 -9 -9 -9 0 0 0 0 5 0 0 0 -10 -10 -10 -10 -10 -10 2
2 5 5 5 5 5 -9 -9 -9 -9 -9 0 0 5 5 5 5 0 0 0 0 -10 -10 -10 -10 -10 2
2 2 2 2 2 2 2 2 2 2 2 2 5 5 5 5 5 0 0 0 0 -10 -10 -10 -10 -10 2
2 0 0 0 0 0 0 0 0 0 0 2 5 5 5 5 0 0 0 0 0 0 -10 -10 -10 -10 2
2 2 2 2 2 2 2 2 2 2 2 2 5 5 5 0 0 0 0 0 0 0 0 0 -10 0 2
2 0 2 0 0 0 0 5 5 5 5 2 0 0 0 0 0 0 0 0 0 0 0 0 0 0 2
2 0 2 0 0 0 0 0 0 5 0 0 0 0 0 0 0 0 0 0 0 0 0 0 0 0 -13
2 0 2 0 6 0 0 0 0 0 0 0 0 0 0 0 0 0 0 0 0 0 0 0 0 0 -13
2 0 2 0 0 0 0 0 0 0 0 0 0 0 0 0 0 0 0 0 0 0 0 0 0 0 -13
2 0 2 0 0 0 0 0 5 5 5 2 0 0 0 0 0 0 0 0 0 0 0 0 0 0 2
2 2 2 2 2 2 2 2 2 2 2 2 0 0 -11 0 -11 0 0 0 0 0 0 0 5 0 2
2 0 0 0 0 0 0 0 0 0 0 2 0 -11 -11 -11 -11 0 0 0 0 0 0 5 5 5 2
2 2 2 2 2 2 2 2 2 2 2 2 -11 -11 -11 -11 -11 -11 -11 -11 0 0 0 0 5 5 2
2 5 5 5 0 0 0 0 0 0 -11 -11 -11 -11 -11 -11 5 5 -11 -11 -11 -11 0 0 5 5 2 
0 5 5 5 5 5 5 0 0 0 -11 -11 -11 -11 -11 5 5 5 5 -11 -11 -11 -11 0 0 5 2
2 2 2 2 2 2 2 2 2 2 2 2 2 2 2 2 2 2 2 2 2 2 2 2 2 2 2
